 -0.822368E+00
 -0.822368E+00
 -0.822368E+00
 -0.822368E+00
 -0.822368E+00
 -0.822368E+00
 -0.822368E+00
 -0.822368E+00
 -0.822368E+00
 -0.822368E+00
 -0.822368E+00
 -0.822368E+00
 -0.125251E+01
 -0.153111E+01
 -0.996056E+00
 -0.996056E+00
 -0.153111E+01
 -0.125251E+01
 -0.822368E+00
 -0.822368E+00
 -0.822368E+00
 -0.150594E+01
 -0.122811E+01
 -0.170372E+01
 -0.296951E+01
 -0.296951E+01
 -0.170372E+01
 -0.122811E+01
 -0.150594E+01
 -0.822368E+00
 -0.822368E+00
 -0.163041E+01
 -0.214602E+01
 -0.215707E+01
 -0.137517E+01
 -0.137517E+01
 -0.215707E+01
 -0.214602E+01
 -0.163041E+01
 -0.822368E+00
 -0.822368E+00
 -0.176020E+01
 -0.267307E+01
 -0.147420E+01
 -0.573599E+00
 -0.573599E+00
 -0.147420E+01
 -0.267305E+01
 -0.176020E+01
 -0.822368E+00
 -0.822368E+00
 -0.176020E+01
 -0.267307E+01
 -0.147420E+01
 -0.573599E+00
 -0.573598E+00
 -0.147420E+01
 -0.267305E+01
 -0.176020E+01
 -0.822368E+00
 -0.822368E+00
 -0.163041E+01
 -0.214602E+01
 -0.215707E+01
 -0.137518E+01
 -0.137518E+01
 -0.215707E+01
 -0.214602E+01
 -0.163041E+01
 -0.822368E+00
 -0.822368E+00
 -0.150594E+01
 -0.122811E+01
 -0.170372E+01
 -0.296952E+01
 -0.296952E+01
 -0.170372E+01
 -0.122811E+01
 -0.150594E+01
 -0.822368E+00
 -0.822368E+00
 -0.822368E+00
 -0.125251E+01
 -0.153111E+01
 -0.996058E+00
 -0.996058E+00
 -0.153111E+01
 -0.125251E+01
 -0.822368E+00
 -0.822368E+00
 -0.822368E+00
 -0.822368E+00
 -0.822368E+00
 -0.822368E+00
 -0.822368E+00
 -0.822368E+00
 -0.822368E+00
 -0.822368E+00
 -0.822368E+00
 -0.822368E+00
